26001f18261c5d01e989000000000017 80 00000000000000000000000000000000 00 00000000000000000000000000000000 00000100 00000001 00000000 00000001     eth0
fe800000000000000000000000000001 80 00000000000000000000000000000000 00 00000000000000000000000000000000 00000400 00000001 00000000 00000001     eth0
fe800000000000000000000000000000 40 00000000000000000000000000000000 00 00000000000000000000000000000000 00000100 00000001 00000000 00000001     eth0
fe800000000000000000000000000000 40 00000000000000000000000000000000 00 00000000000000000000000000000000 00000100 00000001 00000000 00000001    v4if0
00000000000000000000000000000000 00 00000000000000000000000000000000 00 fe800000000000000000000000000001 00000400 00000008 00000000 00000003     eth0
00000000000000000000000000000001 80 00000000000000000000000000000000 00 00000000000000000000000000000000 00000000 00000003 00000000 80200001       lo
26001f18261c5d01e989000000000017 80 00000000000000000000000000000000 00 00000000000000000000000000000000 00000000 0000000a 00000000 80200001     eth0
fe800000000000001c0a34fffebe4ced 80 00000000000000000000000000000000 00 00000000000000000000000000000000 00000000 0000000c 00000000 80200001     eth0
fe8000000000000050fe49fffe05ba4a 80 00000000000000000000000000000000 00 00000000000000000000000000000000 00000000 00000002 00000000 80200001    v4if0
ff000000000000000000000000000000 08 00000000000000000000000000000000 00 00000000000000000000000000000000 00000100 00000004 00000000 00000001     eth0
ff000000000000000000000000000000 08 00000000000000000000000000000000 00 00000000000000000000000000000000 00000100 00000002 00000000 00000001    v4if0
00000000000000000000000000000000 00 00000000000000000000000000000000 00 00000000000000000000000000000000 ffffffff 00000001 00000000 00200200       lo
